set1_score: 0.6637640059988049
set2_score: 0.6198688714136557
Duration: 7.645173788070679
