set1_score: 0.6551847825237941
set2_score: 0.6303380419037956
Duration: 6.324426651000977
