set1_score: 0.6626465528351773
set2_score: 0.5926932600255879
Duration: 6.7210164070129395
