set1_score: 0.6652506483083448
set2_score: 0.6052090456390347
Duration: 16.619477033615112
