set1_score: 0.6282538683699732
set2_score: 0.6196008376715049
Duration: 20.552695751190186
