set1_score: 0.6412398067181929
set2_score: 0.5905604788900163
Duration: 3.012213706970215
